real volume = 3.93 L

z_offset = 0.684
sand1_volume = 8.975043 - 5.861451 = 3.1136	20.77%3
sand2_volume = 9.274320 - 5.861451 = 3.4129	13.158%


z_offset = 0.884
sand1_volume = 29.166270 - 25.996145 = 3.17012  19.33%
sand2_volume = 29.490175 - 25.996145 = 3.49403	11.093%
